





0000010001000010


0000000001001101

0111000100110001


0000000001100100

0000000001100100
0000000001100110
0000000001010000

0000000001011111

0000000000011011

0000000000011011
0000000001100100

0000000001100100
1010010001010100
1010010010010110
1010010011111000
0000011100001011
0000010000001011
0000010111001110
0000011011101110
0000101000011111
1010010011010000
1010100011010000
0000110100010000
0001000100010000
0001011100010000
0001101000001111
0001111000001001
0101000010000000
0101011000000000
0101101011000000
0101110011000000
0110000111000000
0110011001000000


0000001101111010























0000000000110101

0000000000001000














0000000000110010




0000000001100111


0000000000000110













0000000000000110




















































































































































0000001010111100














0000000001100100





























































































0000000001100111


0000000000000110


































































































































































0000001010111100














0000000001100100





























































































0000000001100111


0000000000000110


























































































































































































































































































































































1010010010010110
1010010011111000
0000011100001011
0000010000101011
0000010111000011
0000011011100011
0000101000000001
1010100011010000
1010100010010010
1010100001010001
0000110100000100
0001000100000001
0001011100001000
0001101000001111
0001111000001001
0101000010000000
0101010010000000
0101101011000000




























































































































































































































































































































































































































































































































































































































































































































































































































































































































0000001111111111









































































































































0000010010000100


